90 1 0.441077236
90 40 0.370479846
90 119 0.441077236
1 40 0.561654295
1 119 0.370479846
40 119 0.544718724
109 91 0.617424279
109 48 0.365924216
109 113 0.464600977
109 49 0.365924216
109 106 0.779486749
109 95 0.365924216
109 82 0.365924216
109 50 0.365924216
109 96 0.505752245
109 102 0.365924216
109 79 0.505752245
109 87 0.365924216
109 117 0.757341262
91 48 0.365924216
91 113 0.568549203
91 49 0.365924216
91 106 0.365924216
91 95 0.506674315
91 82 0.438224775
91 50 0.365924216
91 96 0.505752245
91 102 0.365924216
91 79 0.505752245
91 87 0.365924216
91 117 0.506674315
48 113 0.365924216
48 49 0.365924216
48 106 0.365924216
48 95 0.365924216
48 82 0.365924216
48 50 0.365924216
48 96 0.365924216
48 102 0.365924216
48 79 0.365924216
48 87 0.365924216
48 117 0.365924216
113 49 0.365924216
113 106 0.365924216
113 95 0.688087567
113 82 0.653684952
113 50 0.365924216
113 96 0.553759314
113 102 0.586999086
113 79 0.524034177
113 87 0.624381712
113 117 0.798414899
49 106 0.365924216
49 95 0.365924216
49 82 0.365924216
49 50 0.365924216
49 96 0.365924216
49 102 0.438224775
49 79 0.365924216
49 87 0.365924216
49 117 0.365924216
106 95 0.365924216
106 82 0.365924216
106 50 0.365924216
106 96 0.365924216
106 102 0.365924216
106 79 0.365924216
106 87 0.365924216
106 117 0.365924216
95 82 0.638964898
95 50 0.365924216
95 96 0.365924216
95 102 0.365924216
95 79 0.365924216
95 87 0.365924216
95 117 0.54327907
82 50 0.365924216
82 96 0.365924216
82 102 0.438224775
82 79 0.365924216
82 87 0.365924216
82 117 0.365924216
50 96 0.365924216
50 102 0.365924216
50 79 0.365924216
50 87 0.365924216
50 117 0.365924216
96 102 0.438224775
96 79 0.589156044
96 87 0.365924216
96 117 0.56356583
102 79 0.365924216
102 87 0.365924216
102 117 0.557757855
79 87 0.365924216
79 117 0.365924216
87 117 0.438224775
113 119 0.927228372
113 103 0.657153334
113 116 0.898867246
113 114 0.854425963
113 115 0.838567215
119 103 0.68121501
119 116 1
119 114 0.934027051
119 115 0.957877725
119 87 0.593900538
103 116 0.659872377
103 114 0.637411681
103 115 0.641265478
103 87 0.526475865
116 114 0.912584471
116 115 0.929720129
116 87 0.518180222
114 115 0.90774992
114 87 0.43965767
115 87 0.453291934
110 17 0.377068016
110 41 0.377068016
110 100 0.88231139
110 103 0.506674315
110 45 0.377068016
110 20 0.377068016
17 41 0.377068016
17 100 0.377068016
17 103 0.377068016
17 45 0.377068016
17 20 0.377068016
41 100 0.377068016
41 103 0.377068016
41 45 0.377068016
41 20 0.377068016
100 103 0.445258382
100 45 0.377068016
100 20 0.377068016
103 45 0.377068016
103 20 0.377068016
45 20 0.377068016
75 119 0.617868536
75 103 0.389447957
75 116 0.570376797
75 101 0.579200194
75 114 0.540358364
75 115 0.507590848
75 81 0.389447957
75 117 0.582031486
119 101 0.687526529
119 81 0.747800515
119 117 0.887704257
103 101 0.389447957
103 81 0.453291934
103 117 0.453291934
116 101 0.65120931
116 81 0.672164794
116 117 0.87825871
101 114 0.634257
101 115 0.663204436
101 81 0.477373636
101 117 0.554433056
114 81 0.503891218
114 117 0.820632422
115 81 0.568549203
115 117 0.833793032
81 117 0.389447957
119 110 0.917145775
119 100 0.868275713
119 112 0.938595827
110 81 0.666142324
110 112 0.937889208
100 81 0.666142324
100 112 0.876720939
81 112 0.666142324
118 113 0.790608881
118 119 0.955566255
118 116 0.941868492
118 114 0.841464158
118 115 0.890628192
118 117 0.839815502
118 103 0.460923637
118 87 0.460923637
118 112 0.759986081
113 112 0.763954481
103 112 0.623529183
116 112 0.871844525
87 112 0.577475856
52 113 0.385431877
52 119 0.385431877
52 103 0.245603848
52 114 0.245603848
52 115 0.28950478
113 10 0.245603848
113 111 0.715442858
119 10 0.245603848
119 111 0.785519244
103 10 0.245603848
103 111 0.374903409
10 111 0.245603848
13 74 0.326578914
13 105 0.326578914
13 90 0.326578914
13 118 0.326578914
13 109 0.326578914
74 105 0.326578914
74 90 0.414940786
74 118 0.52808222
74 109 0.326578914
105 90 0.414940786
105 118 0.524034177
105 109 0.326578914
90 118 0.414940786
90 109 0.326578914
118 109 0.886945418
113 81 0.250607649
113 110 0.56356583
113 62 0.535869738
113 53 0.293272928
113 21 0.293272928
113 97 0.674631146
110 62 0.293272928
110 116 0.802040464
110 53 0.293272928
110 21 0.293272928
110 97 0.293272928
62 116 0.602968686
62 53 0.293272928
62 112 0.293272928
62 21 0.293272928
62 97 0.293272928
116 53 0.310832767
116 21 0.293272928
116 97 0.659535134
53 112 0.293272928
53 21 0.293272928
53 97 0.293272928
112 21 0.293272928
112 97 0.481765371
21 97 0.293272928
118 63 0.595449813
118 106 0.762413895
118 59 0.377068016
118 104 0.726500925
118 111 0.71068851
109 63 0.541825704
109 119 0.863383636
109 59 0.250607649
109 114 0.641265478
109 115 0.75392398
109 104 0.655775426
109 111 0.377068016
63 106 0.250607649
63 119 0.455878475
63 59 0.250607649
63 114 0.250607649
63 115 0.595449813
63 104 0.250607649
63 111 0.377068016
106 119 0.769144965
106 59 0.250607649
106 114 0.518180222
106 115 0.610134427
106 104 0.548957948
106 111 0.377068016
119 59 0.377068016
119 104 0.748744255
59 114 0.377068016
59 115 0.377068016
59 104 0.377068016
59 111 0.250607649
114 104 0.629399224
114 111 0.713084199
115 104 0.66934165
115 111 0.777473702
104 111 0.539619368
113 101 0.600503329
113 85 0.579200194
119 85 0.635842492
116 85 0.582031486
101 85 0.614731228
114 85 0.579200194
113 94 0.695732928
119 97 0.650852346
119 94 0.68696342
116 94 0.673094354
114 97 0.579200194
114 94 0.579200194
97 94 0.689203493
46 113 0.397176305
46 119 0.397176305
46 116 0.50105642
46 114 0.293272928
46 77 0.505752245
113 77 0.596473993
119 77 0.624381712
116 77 0.632251685
114 77 0.579200194
113 56 0.293272928
113 108 0.662874485
119 56 0.430851251
119 108 0.694126574
116 56 0.293272928
116 108 0.623529183
114 56 0.397176305
114 108 0.662874485
56 108 0.52808222
75 113 0.515600968
114 112 0.77045627
83 113 0.654035359
83 119 0.724749373
83 116 0.646869617
83 114 0.637411681
118 91 0.623956042
118 82 0.397176305
91 119 0.552402841
91 116 0.574557942
82 119 0.628987342
82 116 0.644652597
83 76 0.447983494
76 119 0.544718724
83 118 0.629399224
83 51 0.293272928
83 12 0.293272928
118 51 0.293272928
118 12 0.293272928
51 119 0.414940786
51 12 0.293272928
119 12 0.293272928
113 44 0.611528065
113 42 0.519030376
44 95 0.611528065
44 82 0.611528065
44 119 0.611528065
44 103 0.519030376
44 116 0.611528065
44 114 0.519030376
44 42 0.519030376
44 115 0.519030376
44 112 0.519030376
95 119 0.668707128
95 103 0.519030376
95 116 0.611528065
95 114 0.651920744
95 42 0.519030376
95 115 0.651920744
95 112 0.519030376
82 103 0.549653176
82 114 0.549653176
82 42 0.519030376
82 115 0.549653176
82 112 0.519030376
119 42 0.519030376
103 42 0.519030376
116 42 0.519030376
114 42 0.519030376
42 115 0.519030376
42 112 0.519030376
115 112 0.781473587
118 110 0.725408563
109 110 0.68121501
109 116 0.872682081
109 112 0.68121501
110 117 0.688925276
112 117 0.75392398
96 62 0.458421904
96 116 0.572780032
79 62 0.502007216
79 116 0.502007216
62 114 0.446627021
62 115 0.493228948
118 22 0.518180222
118 29 0.518180222
109 22 0.518180222
109 29 0.518180222
63 91 0.518180222
63 116 0.518180222
63 22 0.518180222
63 29 0.518180222
91 115 0.591282939
91 22 0.518180222
91 29 0.518180222
116 22 0.518180222
116 29 0.518180222
115 22 0.518180222
115 29 0.518180222
22 29 0.518180222
118 14 0.429332808
118 96 0.559718511
118 79 0.480679229
14 109 0.429332808
14 91 0.429332808
14 96 0.429332808
14 79 0.429332808
83 115 0.620942642
106 116 0.764124701
63 113 0.32047401
34 35 0.588619656
34 2 0.326578914
34 37 0.593900538
35 2 0.293272928
35 37 0.588619656
2 37 0.326578914
36 108 0.586999086
36 54 0.586999086
36 117 0.293272928
108 54 0.607308379
108 117 0.560366504
54 117 0.293272928
88 107 0.546144924
88 105 0.521552785
88 113 0.620507257
88 119 0.666142324
88 116 0.670288513
88 93 0.521552785
88 112 0.605875483
88 111 0.605875483
88 94 0.521552785
88 117 0.659872377
107 105 0.551720056
107 113 0.546144924
107 119 0.784331672
107 116 0.760160783
107 93 0.521552785
107 112 0.698111193
107 111 0.521552785
107 94 0.521552785
107 117 0.642780153
105 113 0.599505925
105 119 0.614277729
105 116 0.582591495
105 93 0.521552785
105 112 0.599505925
105 111 0.521552785
105 94 0.521552785
105 117 0.620070627
113 93 0.732268246
119 93 0.725408563
116 93 0.660208876
116 111 0.714032042
93 112 0.521552785
93 111 0.675241556
93 94 0.684689974
93 117 0.632251685
112 111 0.605875483
112 94 0.521552785
111 94 0.620942642
111 117 0.677358965
94 117 0.61290909
118 95 0.492221669
118 93 0.654384963
118 108 0.695466374
113 104 0.586999086
95 104 0.492221669
95 93 0.492221669
95 111 0.492221669
95 108 0.492221669
114 93 0.64905489
115 93 0.681507632
115 108 0.664517152
104 93 0.52808222
104 108 0.52808222
93 108 0.610134427
111 108 0.610134427
98 91 0.555771681
98 113 0.468191784
98 119 0.577475856
118 80 0.645024344
109 80 0.629399224
119 80 0.717303885
116 80 0.717303885
114 80 0.748555973
80 117 0.608256222
107 118 0.69250313
107 109 0.629399224
107 92 0.717303885
118 92 0.645024344
109 92 0.629399224
119 92 0.717303885
116 92 0.717303885
92 117 0.57689672
118 100 0.645024344
109 100 0.629399224
100 116 0.717303885
100 115 0.717303885
100 117 0.551720056
116 104 0.706775417
104 117 0.610600388
106 110 0.490186942
106 112 0.490186942
106 80 0.490186942
107 106 0.490186942
106 92 0.490186942
106 100 0.490186942
107 110 0.640884448
107 100 0.640884448
107 114 0.699156418
107 115 0.674936657
107 104 0.492221669
107 80 0.670602833
110 114 0.705531708
110 115 0.705531708
110 104 0.52808222
110 92 0.640884448
110 80 0.640884448
100 114 0.640884448
100 104 0.492221669
100 92 0.640884448
100 80 0.640884448
114 92 0.670602833
115 92 0.640884448
115 80 0.674936657
104 92 0.492221669
104 112 0.52808222
104 80 0.492221669
92 112 0.640884448
92 80 0.670602833
112 80 0.640884448
88 84 0.430851251
88 76 0.472851757
88 115 0.609667038
88 60 0.430851251
88 97 0.430851251
107 84 0.430851251
107 76 0.430851251
107 60 0.430851251
107 97 0.430851251
105 84 0.430851251
105 76 0.430851251
105 115 0.52808222
105 60 0.430851251
105 97 0.430851251
84 113 0.561011758
84 76 0.430851251
84 119 0.561011758
84 116 0.561011758
84 115 0.614731228
84 60 0.430851251
84 93 0.561011758
84 112 0.430851251
84 111 0.561011758
84 97 0.584811203
84 94 0.584811203
84 117 0.535869738
113 76 0.430851251
113 60 0.430851251
76 116 0.481765371
76 115 0.430851251
76 60 0.430851251
76 93 0.430851251
76 112 0.430851251
76 111 0.430851251
76 97 0.430851251
76 94 0.430851251
76 117 0.430851251
119 60 0.472851757
116 60 0.472851757
115 60 0.472851757
115 97 0.610134427
115 94 0.610134427
60 93 0.430851251
60 112 0.430851251
60 111 0.430851251
60 97 0.430851251
60 94 0.430851251
60 117 0.430851251
93 97 0.647966165
111 97 0.561011758
97 117 0.569770028
119 23 0.397176305
119 24 0.397176305
119 25 0.397176305
119 30 0.397176305
110 23 0.397176305
110 24 0.397176305
110 25 0.397176305
110 30 0.397176305
23 100 0.397176305
23 24 0.458421904
23 25 0.458421904
23 112 0.397176305
23 30 0.458421904
100 24 0.397176305
100 25 0.397176305
100 30 0.397176305
24 25 0.458421904
24 112 0.397176305
24 30 0.458421904
25 112 0.397176305
25 30 0.458421904
112 30 0.397176305
118 84 0.477373636
118 99 0.63780147
118 101 0.685830931
118 85 0.63780147
118 77 0.590223197
118 97 0.612450135
118 94 0.612450135
84 99 0.477373636
84 101 0.477373636
84 114 0.561011758
84 85 0.477373636
84 77 0.477373636
84 108 0.477373636
113 99 0.554433056
119 99 0.590223197
99 116 0.582031486
99 101 0.63780147
99 114 0.554433056
99 85 0.590223197
99 115 0.554433056
99 93 0.554433056
99 77 0.554433056
99 111 0.554433056
99 97 0.582031486
99 108 0.554433056
99 94 0.582031486
101 93 0.477373636
101 77 0.477373636
101 111 0.516465572
101 97 0.516465572
101 108 0.516465572
101 94 0.516465572
85 115 0.612450135
85 93 0.477373636
85 77 0.477373636
85 111 0.477373636
85 97 0.477373636
85 108 0.477373636
85 94 0.477373636
115 77 0.620070627
93 77 0.477373636
77 111 0.599004768
77 97 0.477373636
77 108 0.532802253
77 94 0.477373636
97 108 0.477373636
108 94 0.477373636
34 110 0.534343703
34 100 0.534343703
34 36 0.534343703
34 112 0.534343703
34 108 0.534343703
34 54 0.534343703
110 35 0.534343703
110 36 0.534343703
110 37 0.534343703
110 108 0.534343703
110 54 0.534343703
100 35 0.534343703
100 36 0.534343703
100 37 0.534343703
100 108 0.534343703
100 54 0.534343703
35 36 0.534343703
35 112 0.534343703
35 108 0.534343703
35 54 0.534343703
36 112 0.534343703
36 37 0.534343703
112 37 0.534343703
112 108 0.534343703
112 54 0.534343703
37 108 0.534343703
37 54 0.534343703
18 113 0.492221669
18 44 0.492221669
18 95 0.492221669
18 82 0.492221669
18 119 0.492221669
18 116 0.492221669
113 59 0.430851251
83 117 0.56356583
88 98 0.476255666
88 118 0.581469414
88 110 0.476255666
88 96 0.476255666
88 114 0.553759314
98 118 0.515600968
98 110 0.476255666
98 96 0.476255666
98 116 0.476255666
98 114 0.586999086
98 115 0.560366504
98 112 0.476255666
98 111 0.476255666
98 117 0.586999086
119 96 0.476255666
110 96 0.476255666
110 111 0.476255666
96 114 0.476255666
96 115 0.476255666
96 112 0.476255666
96 111 0.476255666
118 81 0.642780153
109 81 0.618311504
106 81 0.618311504
107 81 0.408081103
92 81 0.465807325
81 80 0.408081103
104 81 0.408081103
55 57 0.465807325
55 0 0.408081103
57 0 0.408081103
119 41 0.260148396
41 116 0.260148396
41 115 0.260148396
41 60 0.260148396
83 88 0.260148396
83 75 0.460923637
88 75 0.38130724
75 76 0.260148396
105 102 0.255452572
105 86 0.255452572
119 102 0.502952125
119 86 0.579200194
102 86 0.379202348
86 117 0.459677897
118 102 0.470539557
102 114 0.511202904
102 115 0.511202904
110 87 0.520716606
118 86 0.560366504
75 118 0.53202565
114 86 0.52808222
74 116 0.524034177
77 117 0.492221669
99 117 0.492221669
75 99 0.492221669
38 119 0.48708306
83 107 0.48708306
118 26 0.48708306
119 26 0.48708306
107 64 0.48708306
26 115 0.48708306
98 80 0.48708306
74 119 0.481765371
74 117 0.481765371
116 86 0.476255666
115 86 0.476255666
99 112 0.476255666
74 113 0.476255666
102 85 0.476255666
102 116 0.470539557
91 114 0.445258382
15 118 0.430851251
11 119 0.430851251
31 119 0.430851251
64 119 0.430851251
15 119 0.430851251
119 32 0.430851251
31 114 0.430851251
15 114 0.430851251
114 32 0.430851251
107 11 0.430851251
64 11 0.430851251
83 11 0.430851251
15 107 0.430851251
107 86 0.430851251
15 86 0.430851251
31 111 0.430851251
40 114 0.430851251
31 40 0.430851251
40 111 0.430851251
40 115 0.430851251
40 117 0.430851251
40 32 0.430851251
38 40 0.430851251
84 80 0.430851251
84 95 0.430851251
31 115 0.430851251
83 64 0.430851251
31 117 0.430851251
31 32 0.430851251
111 32 0.430851251
115 32 0.430851251
32 117 0.430851251
95 80 0.430851251
91 80 0.430851251
84 91 0.430851251
26 101 0.430851251
26 85 0.430851251
38 114 0.430851251
31 38 0.430851251
38 111 0.430851251
38 115 0.430851251
38 117 0.430851251
38 32 0.430851251
98 84 0.430851251
98 95 0.430851251
119 61 0.42310328
74 115 0.42310328
85 117 0.42310328
105 114 0.414940786
74 114 0.414940786
105 99 0.414940786
88 99 0.414940786
99 86 0.414940786
74 99 0.414940786
83 99 0.414940786
99 102 0.414940786
88 86 0.414940786
74 108 0.414940786
83 101 0.414940786
113 86 0.414940786
116 61 0.406316896
113 33 0.406316896
102 104 0.406316896
46 3 0.3952806
3 116 0.3952806
3 77 0.3952806
118 56 0.353902077
118 45 0.353902077
119 45 0.353902077
85 81 0.353902077
99 81 0.353902077
104 77 0.353902077
56 77 0.353902077
45 115 0.353902077
45 101 0.353902077
56 117 0.353902077
45 117 0.353902077
61 112 0.340851201
113 61 0.326578914
51 113 0.326578914
51 112 0.326578914
61 115 0.326578914
61 114 0.326578914
52 116 0.310832767
27 115 0.293272928
119 27 0.293272928
119 33 0.293272928
46 52 0.293272928
52 104 0.293272928
46 104 0.293272928
114 27 0.293272928
116 27 0.293272928
51 116 0.293272928
116 33 0.293272928
61 27 0.293272928
113 27 0.293272928
33 112 0.293272928
102 27 0.293272928
52 102 0.293272928
46 102 0.293272928
102 61 0.293272928
102 112 0.293272928
51 102 0.293272928
102 33 0.293272928
51 33 0.293272928
51 114 0.092497688
51 61 0.092497688
51 115 0.092497688
51 91 0.092497688
91 61 0.092497688
91 112 0.092497688
52 118 0.01
119 53 0.01
52 74 0.01
52 117 0.01
53 117 0.01
52 85 0.01
74 85 0.01
118 53 0.01
52 53 0.01
74 53 0.01
115 53 0.01
85 53 0.01
118 28 0.293272928
118 61 0.293272928
118 58 0.293272928
118 57 0.293272928
106 55 0.293272928
106 94 0.293272928
106 28 0.293272928
106 61 0.293272928
106 101 0.293272928
106 58 0.293272928
106 99 0.293272928
106 97 0.293272928
106 57 0.293272928
106 103 0.293272928
106 108 0.293272928
118 54 0.293272928
114 54 0.293272928
78 54 0.293272928
54 80 0.293272928
98 54 0.293272928
55 94 0.293272928
55 111 0.293272928
55 101 0.293272928
55 58 0.293272928
99 55 0.293272928
55 97 0.293272928
39 118 0.293272928
39 119 0.293272928
39 90 0.293272928
88 39 0.293272928
39 116 0.293272928
39 74 0.293272928
39 75 0.293272928
39 113 0.293272928
39 117 0.293272928
104 94 0.293272928
58 94 0.293272928
119 55 0.293272928
119 62 0.293272928
47 119 0.293272928
43 119 0.293272928
119 57 0.293272928
90 116 0.293272928
90 113 0.293272928
90 117 0.293272928
88 90 0.293272928
46 111 0.293272928
46 108 0.293272928
96 94 0.293272928
96 86 0.293272928
96 104 0.293272928
96 100 0.293272928
96 101 0.293272928
96 85 0.293272928
47 114 0.293272928
86 8 0.293272928
4 8 0.293272928
95 92 0.293272928
5 9 0.293272928
82 81 0.293272928
76 81 0.293272928
118 78 0.293272928
119 78 0.293272928
114 78 0.293272928
87 78 0.293272928
98 78 0.293272928
108 78 0.293272928
16 118 0.293272928
16 119 0.293272928
107 16 0.293272928
16 63 0.293272928
83 16 0.293272928
107 63 0.293272928
55 86 0.293272928
86 94 0.293272928
86 104 0.293272928
86 111 0.293272928
101 86 0.293272928
86 4 0.293272928
86 112 0.293272928
85 86 0.293272928
103 86 0.293272928
116 55 0.293272928
116 28 0.293272928
116 59 0.293272928
47 116 0.293272928
116 58 0.293272928
116 57 0.293272928
43 116 0.293272928
28 104 0.293272928
47 104 0.293272928
101 104 0.293272928
78 80 0.293272928
108 80 0.293272928
88 74 0.293272928
74 75 0.293272928
56 111 0.293272928
75 56 0.293272928
19 56 0.293272928
19 108 0.293272928
101 56 0.293272928
56 58 0.293272928
62 104 0.293272928
43 62 0.293272928
62 117 0.293272928
62 93 0.293272928
62 108 0.293272928
61 111 0.293272928
99 61 0.293272928
103 61 0.293272928
75 111 0.293272928
5 6 0.293272928
6 9 0.293272928
6 7 0.293272928
5 7 0.293272928
7 9 0.293272928
64 92 0.293272928
89 114 0.293272928
89 56 0.293272928
89 111 0.293272928
89 19 0.293272928
89 108 0.293272928
89 115 0.293272928
89 58 0.293272928
89 77 0.293272928
89 93 0.293272928
109 28 0.293272928
109 86 0.293272928
109 61 0.293272928
109 101 0.293272928
109 99 0.293272928
109 97 0.293272928
109 57 0.293272928
109 103 0.293272928
109 108 0.293272928
75 90 0.293272928
19 114 0.293272928
118 47 0.293272928
47 59 0.293272928
104 87 0.293272928
59 87 0.293272928
47 87 0.293272928
83 87 0.293272928
87 108 0.293272928
55 115 0.293272928
46 115 0.293272928
47 115 0.293272928
115 57 0.293272928
101 28 0.293272928
47 113 0.293272928
113 43 0.293272928
114 58 0.293272928
19 58 0.293272928
58 108 0.293272928
101 58 0.293272928
99 58 0.293272928
97 58 0.293272928
83 63 0.293272928
76 82 0.293272928
43 114 0.293272928
43 104 0.293272928
43 115 0.293272928
43 117 0.293272928
43 93 0.293272928
43 108 0.293272928
78 117 0.293272928
59 112 0.293272928
47 112 0.293272928
83 112 0.293272928
76 103 0.293272928
45 33 0.293272928
100 85 0.293272928
119 79 0.293272928
79 8 0.293272928
79 86 0.293272928
79 4 0.293272928
102 94 0.293272928
100 102 0.293272928
102 101 0.293272928
110 102 0.293272928
110 59 0.293272928
47 110 0.293272928
83 110 0.293272928
110 85 0.293272928
83 91 0.293272928
26 111 0.293272928
63 26 0.293272928
83 38 0.293272928
57 94 0.293272928
57 111 0.293272928
101 57 0.293272928
57 58 0.293272928
99 57 0.293272928
57 97 0.293272928
93 56 0.293272928
19 93 0.293272928
93 58 0.293272928
33 117 0.293272928
103 104 0.293272928
103 59 0.293272928
47 103 0.293272928
83 103 0.293272928
103 79 0.293272928
55 108 0.293272928
28 108 0.293272928
75 108 0.293272928
98 108 0.293272928
57 108 0.293272928
90 92 0.293272928
105 92 0.293272928
65 92 0.293272928
89 92 0.293272928
66 92 0.293272928
67 92 0.293272928
68 92 0.293272928
69 92 0.293272928
70 92 0.293272928
71 92 0.293272928
72 92 0.293272928
73 92 0.293272928
90 78 0.293272928
105 78 0.293272928
65 78 0.293272928
89 78 0.293272928
66 78 0.293272928
67 78 0.293272928
68 78 0.293272928
69 78 0.293272928
70 78 0.293272928
71 78 0.293272928
72 78 0.293272928
73 78 0.293272928
107 90 0.293272928
107 65 0.293272928
107 89 0.293272928
107 66 0.293272928
107 67 0.293272928
107 68 0.293272928
107 69 0.293272928
107 70 0.293272928
107 71 0.293272928
107 72 0.293272928
107 73 0.293272928
64 118 0.293272928
64 90 0.293272928
64 105 0.293272928
64 65 0.293272928
64 89 0.293272928
64 66 0.293272928
64 67 0.293272928
64 68 0.293272928
64 69 0.293272928
64 70 0.293272928
64 71 0.293272928
64 72 0.293272928
64 73 0.293272928
65 117 0.293272928
89 117 0.293272928
66 117 0.293272928
67 117 0.293272928
68 117 0.293272928
69 117 0.293272928
70 117 0.293272928
71 117 0.293272928
72 117 0.293272928
73 117 0.293272928
65 118 0.293272928
89 118 0.293272928
66 118 0.293272928
118 67 0.293272928
118 68 0.293272928
118 69 0.293272928
118 70 0.293272928
118 71 0.293272928
118 72 0.293272928
73 118 0.293272928
65 90 0.293272928
89 90 0.293272928
66 90 0.293272928
90 67 0.293272928
90 68 0.293272928
90 69 0.293272928
90 70 0.293272928
90 71 0.293272928
90 72 0.293272928
73 90 0.293272928
98 90 0.293272928
65 105 0.293272928
89 105 0.293272928
66 105 0.293272928
105 67 0.293272928
105 68 0.293272928
105 69 0.293272928
105 70 0.293272928
105 71 0.293272928
105 72 0.293272928
73 105 0.293272928
98 105 0.293272928
89 65 0.293272928
66 65 0.293272928
65 67 0.293272928
65 68 0.293272928
65 69 0.293272928
65 70 0.293272928
65 71 0.293272928
65 72 0.293272928
73 65 0.293272928
98 65 0.293272928
66 89 0.293272928
89 67 0.293272928
89 68 0.293272928
89 69 0.293272928
89 70 0.293272928
89 71 0.293272928
89 72 0.293272928
73 89 0.293272928
98 89 0.293272928
66 67 0.293272928
66 68 0.293272928
66 69 0.293272928
66 70 0.293272928
66 71 0.293272928
66 72 0.293272928
73 66 0.293272928
98 66 0.293272928
68 67 0.293272928
69 67 0.293272928
70 67 0.293272928
71 67 0.293272928
72 67 0.293272928
73 67 0.293272928
98 67 0.293272928
69 68 0.293272928
70 68 0.293272928
71 68 0.293272928
72 68 0.293272928
73 68 0.293272928
98 68 0.293272928
70 69 0.293272928
71 69 0.293272928
72 69 0.293272928
73 69 0.293272928
98 69 0.293272928
71 70 0.293272928
72 70 0.293272928
73 70 0.293272928
98 70 0.293272928
72 71 0.293272928
73 71 0.293272928
98 71 0.293272928
73 72 0.293272928
98 72 0.293272928
98 73 0.293272928